
99706,108929,
99741,108938,
99778,108943,
99792,108949,
99784,108947,
99736,108913,
99621,108855,
99460,108776,
99282,108681,
99053,108584,
98844,108470,
98628,108373,
98463,108301,
98346,108255,
98266,108214,
98226,108202,
98214,108211,
98922,108522,
98937,108518,
98940,108516,
98913,108514,
98907,108502,
98881,108497,
98867,108480,
98833,108475,
98822,108465,
98823,108475,
98816,108470,
98825,108472,
98851,108476,
98868,108489,
98891,108511,
98939,108523,
98958,108545,
99008,108549,
99036,108572,
99081,108588,
99113,108604,
99160,108624,
99650,108845,
99675,108857,
99698,108871,
99698,108858,
99665,108828,
99580,108796,
99460,108722,
99283,108663,
99095,108559,
98881,108450,
98683,108362,
98512,108277,
98360,108212,
98249,108171,
98189,108136,
98171,108128,
98172,108137,
98199,108148,
98246,108177,
98303,108202,
98371,108237,
98434,108258,
98909,108481,
98886,108454,
98882,108469,
98880,108469,
98883,108473,
98902,108481,
98906,108490,
98936,108506,
98958,108518,
98998,108525,
99032,108538,
99049,108557,
99088,108572,
99124,108585,
99162,108599,
99195,108625,
99234,108637,
99271,108654,
99320,108673,
99358,108696,
99401,108710,
98928,108468,
98704,108367,
98507,108278,
98360,108202,
98233,108155,
98146,108121,
98118,108114,
98109,108111,
98132,108126,
98181,108142,
98233,108181,
98306,108201,
98378,108234,
98444,108267,
98524,108303,
98593,108342,
98667,108371,
98728,108398,
98796,108424,
98838,108448,
98883,108456,
98901,108471,
98905,108477,
98933,108489,
98979,108501,
99012,108525,
99041,108531,
99088,108546,
99123,108570,
99160,108585,
99195,108606,
99238,108628,
99284,108656,
99327,108678,
99378,108690,
99415,108715,
99464,108738,
99504,108752,
99549,108778,
99579,108785,
99587,108785,
99545,108769,
99445,108698,
99289,108628,
98204,108152,
98272,108179,
98362,108225,
98436,108265,
98508,108296,
98590,108322,
98654,108359,
98715,108384,
98774,108413,
98816,108432,
98852,108448,
98875,108465,
98886,108449,
98877,108454,
98856,108437,
98833,108415,
98802,108391,
98787,108393,
98777,108390,
98786,108393,
98799,108397,
99198,108591,
99249,108611,
99275,108643,
99323,108650,
99355,108670,
99396,108683,
99430,108689,
99431,108688,
99372,108655,
99278,108601,
99122,108529,
98925,108429,
98699,108326,
98462,108198,
98221,108100,
98043,108010,
97892,107949,
97797,107919,
97744,107903,
97756,107897,
97771,107915,
97814,107932,
98594,108292,
98624,108298,
98605,108302,
98592,108292,
98581,108286,
98567,108266,
98548,108255,
98522,108251,
98515,108252,
98515,108245,
98536,108263,
98551,108276,
98601,108284,
98630,108309,
98669,108325,
98708,108346,
98739,108370,
98791,108395,
98842,108412,
98876,108426,
98916,108428,
98865,108394,
98614,108285,
98386,108171,
98156,108048,
97936,107956,
97764,107874,
97655,107826,
97589,107807,
97572,107796,
97570,107799,
97619,107828,
97685,107871,
97739,107892,
97820,107934,
97900,107963,
97974,108004,
98067,108035,
98156,108079,
98230,108108,
98291,108147,
98350,108175,
98398,108197,
98483,108238,
98506,108249,
98560,108277,
98603,108296,
98638,108317,
98685,108345,
98747,108371,
98784,108384,
98825,108405,
98860,108423,
98908,108437,
98939,108463,
98969,108479,
99021,108502,
99056,108502,
99088,108514,
99128,108530,
99171,108557,
99220,108588,
99266,108607,
99309,108632,
99341,108650,
97555,107790,
97586,107811,
97648,107838,
97720,107882,
97790,107911,
97879,107951,
97942,107986,
98031,108023,
98116,108058,
98180,108085,
98247,108115,
98310,108142,
98353,108168,
98375,108172,
98389,108181,
98400,108181,
98383,108175,
98363,108164,
98333,108152,
98325,108143,
98309,108140,
98639,108303,
98673,108320,
98716,108333,
98755,108361,
98794,108376,
98842,108390,
98873,108420,
98920,108422,
98946,108426,
98975,108449,
99002,108457,
99033,108471,
99021,108461,
98973,108431,
98856,108362,
98678,108263,
98464,108165,
98210,108052,
97968,107934,
97739,107828,
97558,107745,
97428,107701,
98011,107988,
98098,108019,
98138,108038,
98191,108063,
98221,108078,
98230,108083,
98235,108088,
98231,108078,
98211,108064,
98199,108057,
98167,108046,
98156,108032,
98146,108030,
98146,108037,
98176,108050,
98195,108058,
98223,108082,
98242,108087,
98280,108099,
98317,108117,
98358,108143,
98401,108167,
98895,108381,
98929,108401,
98908,108381,
98862,108349,
98723,108280,
98520,108182,
98276,108073,
97999,107935,
97731,107808,
97493,107716,
97286,107618,
97154,107562,
97058,107527,
97034,107504,
97036,107518,
97067,107537,
97113,107540,
97175,107587,
97232,107609,
97292,107645,
97358,107657,
97766,107828,
97744,107832,
97734,107824,
97730,107829,
97738,107823,
97750,107826,
97767,107839,
97783,107846,
97815,107855,
97846,107861,
97885,107894,
97906,107907,
97963,107920,
98000,107937,
98048,107958,
98097,107985,
98149,108007,
98195,108041,
98265,108062,
98312,108083,
98363,108118,
98427,108142,
98154,107997,
97852,107855,
97558,107718,
97269,107585,
97037,107471,
96857,107387,
96727,107319,
96646,107300,
96624,107284,
96637,107303,
96669,107307,
96716,107342,
96784,107369,
96871,107411,
96944,107451,
97033,107489,
97116,107529,
97189,107569,
97274,107603,
97335,107627,
97386,107659,
97441,107665,
97423,107651,
97442,107664,
97498,107684,
97527,107705,
97591,107733,
97649,107767,
97704,107802,
97783,107833,
97844,107858,
97895,107880,
97946,107910,
98014,107936,
98058,107965,
98109,107982,
98149,107992,
98187,108008,
98211,108035,
98256,108042,
98298,108071,
98335,108093,
98371,108116,
97297,107577,
97029,107457,
96829,107354,
96693,107307,
96593,107272,
96574,107268,
96582,107278,
96617,107303,
96690,107334,
96756,107374,
96847,107416,
96923,107448,
97003,107487,
97077,107523,
97159,107559,
97230,107588,
97299,107613,
97349,107640,
97403,107655,
97432,107671,
97449,107681,
97465,107683,
97528,107727,
97564,107751,
97606,107770,
97672,107787,
97712,107814,
97756,107839,
97796,107850,
97841,107871,
97879,107879,
97912,107907,
97947,107916,
97999,107931,
98029,107960,
98072,107986,
98127,108005,
98182,108031,
98223,108047,
98271,108063,
98316,108092,
98347,108114,
98384,108127,
96544,107243,
96511,107222,
96496,107231,
96538,107244,
96596,107280,
96674,107331,
96768,107367,
96862,107409,
96945,107460,
97050,107497,
97138,107538,
97225,107575,
97293,107604,
97357,107631,
97410,107646,
97454,107679,
97477,107674,
97473,107684,
97464,107670,
97436,107662,
97409,107630,
97367,107621,
97677,107795,
97722,107799,
97747,107825,
97810,107839,
97845,107869,
97894,107874,
97941,107909,
97985,107933,
98037,107957,
98074,107969,
98126,107994,
98175,108018,
98223,108046,
98259,108060,
98309,108083,
98350,108105,
98367,108096,
98311,108077,
98202,108008,
98022,107914,
97792,107805,
97526,107672,
96747,107331,
96825,107375,
96915,107410,
96993,107447,
97089,107501,
97163,107533,
97232,107560,
97268,107569,
97313,107582,
97299,107579,
97304,107575,
97268,107553,
97232,107539,
97196,107529,
97168,107513,
97147,107505,
97142,107501,
97135,107499,
97149,107504,
97163,107522,
97198,107533,
97746,107776,
97762,107782,
97797,107805,
97829,107829,
97875,107830,
97908,107846,
97938,107867,
97968,107888,
98006,107890,
98036,107910,
98066,107922,
98084,107928,
98065,107909,
97978,107869,
97819,107774,
97595,107656,
97320,107538,
97023,107389,
96719,107246,
96458,107127,
96242,107022,
96087,106954,
96503,107162,
96565,107196,
96627,107225,
96706,107257,
96734,107277,
96749,107296,
96754,107302,
96742,107292,
96730,107289,
96710,107269,
96683,107262,
96654,107249,
96652,107251,
96658,107254,
96666,107265,
96689,107269,
96731,107292,
96783,107324,
96839,107347,
96878,107377,
96940,107408,
96998,107429,
97601,107719,
97632,107734,
97670,107751,
97711,107769,
97747,107783,
97781,107798,
97808,107812,
97845,107845,
97888,107860,
97924,107870,
97924,107862,
97877,107833,
97729,107766,
97526,107666,
97274,107537,
96982,107400,
96685,107266,
96424,107140,
96196,107042,
96022,106957,
95922,106916,
96570,107245,
96646,107280,
96718,107308,
96755,107324,
96780,107332,
96800,107346,
96806,107342,
96787,107347,
96771,107337,
96755,107326,
96736,107320,
96734,107321,
96734,107314,
96733,107333,
96774,107352,
96796,107359,
96845,107386,
96892,107418,
96964,107444,
97028,107488,
97099,107523,
97167,107534,
97725,107792,
97763,107820,
97805,107839,
97835,107865,
97878,107883,
97910,107905,
97944,107905,
97977,107925,
98021,107935,
98046,107954,
98069,107960,
98088,107975,
98063,107954,
97993,107903,
97842,107832,
97632,107735,
97379,107605,
97105,107478,
96817,107344,
96569,107221,
96363,107130,
96724,107339,
96800,107374,
96869,107383,
96925,107421,
96963,107440,
96992,107449,
96992,107454,
96991,107450,
96970,107441,
96941,107430,
96906,107414,
96877,107396,
96861,107393,
96854,107384,
96841,107383,
96862,107392,
96890,107411,
96931,107429,
96972,107444,
97019,107463,
97068,107494,
97122,107515,
97640,107752,
97665,107765,
97702,107770,
97706,107775,
97738,107779,
97747,107794,
97783,107807,
97800,107813,
97825,107814,
97827,107822,
97784,107801,
97667,107736,
97487,107644,
97284,107542,
97017,107429,
96763,107298,
96512,107180,
96306,107086,
96132,107012,
96024,106956,
95957,106923,
95938,106925,
96912,107376,
96942,107401,
96958,107407,
96982,107411,
96965,107408,
96945,107403,
96923,107392,
96904,107372,
96878,107367,
96860,107375,
96857,107360,
96863,107361,
96872,107369,
96902,107383,
96946,107422,
96988,107431,
97044,107466,
97102,107492,
97154,107512,
97211,107538,
97273,107574,
97811,107825,
97833,107831,
97872,107845,
97899,107848,
97938,107869,
97941,107882,
97903,107844,
97807,107803,
97643,107714,
97425,107598,
97149,107478,
96854,107338,
96590,107207,
96350,107103,
96164,107022,
96040,106969,
95972,106940,
95952,106938,
95949,106944,
95985,106954,
96033,106982,
96091,107007,
96792,107322,
96771,107322,
96742,107305,
96720,107296,
96690,107285,
96661,107272,
96657,107266,
96650,107266,
96665,107274,
96689,107282,
96715,107288,
96754,107315,
96791,107327,
96825,107352,
96878,107378,
96933,107403,
96999,107428,
97051,107467,
97108,107490,
97170,107511,
97206,107532,
97252,107554,
97705,107763,
97736,107786,
97764,107797,
97788,107799,
97795,107796,
97729,107754,
97589,107696,
97388,107583,
97124,107451,
96822,107308,
96518,107162,
96221,107028,
95965,106913,
95776,106833,
95657,106770,
95585,106745,
95555,106737,
95572,106744,
95597,106753,
95652,106778,
95709,106804,
96437,107153,
96419,107144,
96397,107127,
96389,107142,
96374,107129,
96370,107131,
96369,107132,
96386,107142,
96390,107159,
96428,107173,
96469,107190,
96501,107215,
96563,107232,
96621,107267,
96685,107302,
96747,107344,
96823,107369,
96875,107404,
96945,107431,
97017,107470,
97068,107497,
97134,107518,
97753,107823,
97800,107843,
97824,107856,
97850,107868,
97868,107881,
97849,107858,
97767,107814,
97617,107734,
97394,107630,
97131,107507,
96834,107359,
96559,107230,
96288,107126,
96079,107014,
95920,106945,
95816,106907,
95770,106878,
95763,106880,
95785,106894,
95847,106930,
95921,106956,
95998,106986,
96698,107311,
96674,107311,
96648,107284,
96621,107283,
96608,107282,
96608,107278,
96620,107282,
96625,107279,
96650,107301,
96677,107313,
96720,107336,
96770,107360,
96810,107379,
96870,107402,
96924,107417,
96974,107469,
97015,107482,
97066,107499,
97104,107515,
97165,107550,
97215,107579,
97798,107853,
97806,107865,
97809,107842,
97735,107813,
97618,107745,
97422,107649,
97182,107523,
96901,107395,
96626,107263,
96362,107141,
96142,107040,
95972,106962,
9