
110619,118322,
110599,118293,
110575,118254,
110554,118200,
110521,118124,
110474,118026,
110461,117949,
110431,117875,
110420,117841,
110425,117804,
110440,117791,
110458,117788,
110462,117790,
110482,117806,
110478,117824,
110500,117827,
110498,117842,
110492,117830,
110476,117868,
110486,117885,
110490,117884,
110499,117898,
110496,117908,
110501,117915,
110504,117927,
110514,117929,
110526,117946,
110540,117972,
110551,117971,
110562,118014,
110588,118035,
110585,118062,
110604,118088,
110618,118134,
110619,118142,
110642,118187,
110854,118589,
110882,118635,
110926,118674,
110959,118731,
110981,118778,
110994,118809,
111003,118826,
110987,118834,
110961,118803,
110919,118736,
110874,118645,
110826,118557,
110782,118468,
110760,118380,
110728,118321,
110709,118274,
110685,118233,
110684,118207,
110574,117903,
110580,117897,
110579,117896,
110571,117888,
110575,117896,
110574,117913,
110570,117922,
110559,117922,
110553,117925,
110551,117914,
110550,117912,
110541,117918,
110546,117919,
110535,117925,
110549,117937,
110547,117937,
110546,117932,
110553,117944,
110675,118228,
110673,118234,
110687,118272,
110695,118301,
110705,118331,
110726,118376,
110745,118419,
110771,118462,
110778,118488,
110790,118516,
110812,118547,
110822,118580,
110841,118612,
110847,118641,
110865,118672,
110893,118705,
110906,118714,
110908,118701,
110630,117978,
110643,117969,
110640,117959,
110641,117958,
110644,117956,
110645,117943,
110637,117933,
110624,117911,
110591,117871,
110573,117844,
110533,117803,
110507,117778,
110465,117745,
110460,117734,
110464,117736,
110451,117739,
110452,117750,
110454,117753,
110598,117932,
110603,117961,
110619,117993,
110640,118034,
110644,118060,
110648,118078,
110643,118101,
110651,118114,
110662,118143,
110650,118163,
110656,118181,
110655,118188,
110646,118218,
110652,118233,
110650,118252,
110655,118273,
110669,118301,
110668,118335,
110924,118728,
110877,118632,
110847,118531,
110805,118444,
110754,118353,
110721,118265,
110669,118176,
110614,118100,
110557,118011,
110492,117953,
110442,117885,
110403,117825,
110363,117780,
110333,117722,
110299,117690,
110293,117663,
110279,117625,
110270,117614,
110366,117741,
110380,117770,
110412,117802,
110441,117850,
110451,117876,
110476,117905,
110478,117921,
110500,117945,
110501,117971,
110514,117988,
110518,118018,
110519,118042,
110520,118063,
110509,118065,
110499,118081,
110490,118087,
110487,118093,
110468,118099,
110724,118681,
110736,118714,
110767,118760,
110786,118818,
110823,118883,
110853,118930,
110879,118996,
110906,119050,
110934,119079,
110939,119097,
110934,119081,
110905,119033,
110858,118959,
110826,118865,
110788,118779,
110755,118708,
110731,118640,
110711,118603,
110560,118271,
110543,118258,
110540,118250,
110561,118253,
110549,118256,
110562,118281,
110584,118302,
110600,118339,
110623,118354,
110635,118381,
110636,118389,
110647,118404,
110654,118432,
110669,118438,
110664,118450,
110677,118465,
110678,118476,
110683,118477,
110807,118779,
110812,118808,
110846,118843,
110874,118884,
110877,118916,
110908,118950,
110925,118986,
110940,119026,
110952,119047,
110962,119078,
110963,119112,
110978,119127,
110988,119156,
110990,119185,
111000,119208,
111009,119238,
111026,119256,
111016,119262,
110842,118679,
110816,118634,
110818,118608,
110808,118585,
110788,118545,
110775,118516,
110760,118460,
110741,118439,
110725,118409,
110714,118388,
110688,118361,
110679,118341,
110677,118339,
110678,118340,
110681,118342,
110671,118358,
110680,118371,
110657,118348,
110633,118327,
110678,118439,
110681,118455,
110690,118484,
110712,118502,
110718,118536,
110718,118546,
110739,118572,
110741,118595,
110761,118618,
110764,118646,
110777,118664,
110779,118689,
110791,118715,
110792,118722,
110790,118736,
110800,118733,
110799,118763,
110794,118754,
110843,118800,
110781,118700,
110748,118601,
110721,118522,
110692,118462,
110658,118398,
110657,118370,
110626,118341,
110636,118316,
110616,118301,
110612,118288,
110600,118264,
110604,118255,
110584,118227,
110578,118220,
110576,118202,
110577,118186,
110571,118182,
110666,118323,
110665,118318,
110654,118315,
110662,118324,
110662,118344,
110668,118366,
110684,118381,
110678,118405,
110698,118431,
110720,118460,
110734,118490,
110749,118528,
110756,118555,
110774,118588,
110801,118629,
110809,118647,
110822,118686,
110834,118716,
110893,118976,
110889,118986,
110901,119025,
110903,119053,
110932,119097,
110946,119132,
110949,119161,
110957,119172,
110956,119153,
110933,119085,
110884,118997,
110853,118914,
110819,118819,
110778,118747,
110768,118691,
110758,118652,
110743,118606,
110742,118585,
110570,118221,
110571,118223,
110568,118227,
110569,118246,
110576,118275,
110602,118291,
110609,118328,
110626,118345,
110638,118378,
110654,118404,
110673,118422,
110691,118438,
110697,118462,
110714,118469,
110709,118481,
110698,118487,
110710,118508,
110712,118510,
110575,118489,
110566,118484,
110587,118518,
110590,118547,
110592,118571,
110618,118604,
110635,118627,
110631,118654,
110644,118684,
110651,118704,
110670,118720,
110653,118697,
110626,118650,
110610,118574,
110570,118485,
110532,118397,
110492,118325,
110461,118245,
110382,118000,
110349,117974,
110336,117938,
110327,117912,
110320,117908,
110304,117896,
110306,117910,
110316,117922,
110329,117954,
110321,117968,
110330,117996,
110338,118008,
110346,118027,
110353,118051,
110374,118070,
110372,118075,
110381,118104,
110399,118132,
110575,118548,
110583,118577,
110595,118608,
110620,118649,
110650,118686,
110653,118727,
110653,118759,
110676,118769,
110677,118796,
110688,118815,
110683,118843,
110699,118867,
110714,118900,
110722,118941,
110743,118971,
110761,118975,
110736,118970,
110719,118918,
110627,118541,
110618,118525,
110609,118499,
110606,118478,
110598,118463,
110592,118436,
110597,118449,
110601,118455,
110610,118454,
110625,118474,
110638,118493,
110654,118528,
110663,118558,
110680,118570,
110683,118575,
110679,118572,
110665,118561,
110664,118562,
110575,118474,
110535,118435,
110492,118399,
110472,118364,
110450,118356,
110437,118375,
110449,118397,
110452,118432,
110473,118465,
110485,118504,
110518,118545,
110536,118616,
110573,118671,
110615,118719,
110658,118779,
110700,118852,
110748,118922,
110790,118986,
110546,118340,
110512,118289,
110517,118290,
110522,118283,
110538,118292,
110554,118300,
110553,118305,
110559,118316,
110561,118328,
110571,118315,
110564,118299,
110565,118300,
110573,118297,
110555,118282,
110558,118314,
110574,118320,
110596,118367,
110603,118375,
110638,118525,
110653,118555,
110667,118583,
110685,118620,
110704,118656,
110713,118679,
110738,118734,
110757,118764,
110772,118808,
110785,118841,
110807,118864,
110817,118895,
110831,118919,
110848,118950,
110858,118973,
110876,119017,
110887,119037,
110904,119061,
110591,118429,
110562,118367,
110541,118342,
110546,118324,
110545,118300,
110530,118277,
110528,118253,
110515,118225,
110502,118194,
110500,118170,
110498,118156,
110478,118135,
110478,118120,
110465,118098,
110463,118068,
110468,118064,
110474,118079,
110492,118105,
110522,118216,
110497,118204,
110491,118201,
110496,118218,
110483,118218,
110478,118227,
110490,118249,
110488,118271,
110509,118301,
110537,118348,
110548,118414,
110584,118442,
110616,118510,
110645,118556,
110670,118603,
110689,118652,
110715,118697,
110725,118719,
110728,118741,
110673,118642,
110613,118519,
110576,118423,
110534,118336,
110512,118263,
110477,118213,
110464,118177,
110466,118161,
110458,118146,
110461,118132,
110462,118132,
110470,118131,
110475,118130,
110469,118111,
110466,118098,
110472,118070,
110467,118059,
110465,118036,
110420,118075,
110410,118082,
110428,118125,
110451,118154,
110486,118199,
110508,118249,
110550,118297,
110567,118332,
110589,118379,
110604,118419,
110626,118452,
110641,118481,
110657,118516,
110669,118555,
110678,118572,
110697,118606,
110706,118626,
110709,118650,
110812,118976,
110822,119004,
110849,119037,
110864,119081,
110893,119136,
110924,119181,
110929,119202,
110927,119176,
110894,119108,
110856,119020,
110827,118916,
110780,118804,
110747,118713,
110716,118653,
110692,118598,
110685,118556,
110664,118522,
110656,118484,
110460,118065,
110456,118054,
110441,118041,
110445,118044,
110447,118053,
110455,118081,
110473,118105,
110491,118137,
110530,118170,
110550,118216,
110559,118242,
110571,118273,
110569,118282,
110564,118280,
110554,118277,
110552,118287,
110550,118302,
110546,118323,
110666,118701,
110651,118724,
110681,118761,
110690,118786,
110696,118823,
110705,118843,
110700,118863,
110703,118887,
110702,118928,
110719,118950,
110740,118990,
110748,119004,
110743,119030,
110751,119051,
110759,119075,
110762,119091,
110764,119112,
110772,119121,
110334,118292,
110305,118242,
110314,118216,
110297,118199,
110304,118200,
110314,118204,
110323,118201,
110314,118191,
110306,118180,
110297,118161,
110281,118121,
110242,118076,
110214,118020,
110184,117977,
110154,117928,
110158,117911,
110146,117912,
110153,117914,
110260,118183,
110293,118245,
110344,118320,
110377,118385,
110410,118445,
110452,118515,
110482,118581,
110525,118632,
110545,118692,
110577,118752,
110597,118792,
110626,118849,
110642,118887,
110655,118912,
110666,118933,
110665,118941,
110665,118959,
110670,118955,
110794,119276,
110794,119252,
110809,119216,
110807,119192,
110811,119165,
110792,119117,
110752,119044,
110700,118951,
110634,118835,
110544,118716,

