
3121,
3126,
3130,
3130,
3127,
3130,
3132,
3135,
3127,
3131,
3131,
3127,
3122,
3129,
3132,
3135,
3127,
3122,
3130,
3126,
3127,
3123,
3126,
3133,
3127,
3121,
3170,
3130,
3125,
3125,
3125,
3129,
3131,
3128,
3122,
3126,
3126,
3126,
3131,
3133,
3127,
3125,
3129,
3122,
3133,
3130,
3135,
3136,
3130,
3129,
3133,
3133,
3126,
3136,
3135,
3133,
3136,
3135,
3136,
3146,
3141,
3152,
3143,
3152,
3152,
3152,
3152,
3151,
3146,
3149,
3138,
3139,
3137,
3138,
3133,
3133,
3130,
3126,
3123,
3121,
3122,
3127,
3120,
3123,
3122,
3123,
3121,
3127,
3120,
3121,
3125,
3126,
3120,
3120,
3121,
3120,
3122,
3126,
3131,
3131,
3123,
3130,
3125,
3130,
3127,
3135,
3129,
3134,
3129,
3125,
3130,
3123,
3126,
3120,
3125,
3122,
3125,
3127,
3120,
3130,
3123,
3122,
3133,
3119,
3120,
3124,
3129,
3135,
3130,
3129,
3129,
3131,
3125,
3129,
3124,
3131,
3131,
3120,
3129,
3135,
3127,
3129,
3133,
3127,
3135,
3135,
3133,
3136,
3130,
3126,
3130,
3125,
3127,
3133,
3130,
3134,
3129,
3136,
3131,
3136,
3145,
3140,
3151,
3152,
3153,
3158,
3152,
3156,
3157,
3155,
3149,
3152,
3148,
3139,
3145,
3134,
3133,
3135,
3131,
3129,
3130,
3129,
3123,
3126,
3127,
3125,
3120,
3125,
3158,
3125,
3124,
3125,
3121,
3124,
3126,
3125,
3120,
3123,
3121,
3131,
3130,
3127,
3125,
3127,
3131,
3121,
3126,
3125,
3088,
3133,
3126,
3125,
3125,
3130,
3126,
3123,
3130,
3126,
3133,
3125,
3130,
3125,
3120,
3130,
3127,
3121,
3127,
3124,
3126,
3130,
3134,
3130,
3131,
3123,
3125,
3132,
3125,
3126,
3134,
3133,
3135,
3125,
3136,
3135,
3127,
3124,
3126,
3123,
3135,
3122,
3127,
3127,
3127,
3133,
3129,
3178,
3130,
3133,
3133,
3136,
3131,
3131,
3135,
3133,
3137,
3149,
3147,
3155,
3152,
3152,
3152,
3152,
3157,
3155,
3145,
3137,
3143,
3139,
3139,
3139,
3135,
3135,
3135,
3136,
3131,
3123,
3131,
3124,
3122,
3128,
3120,
3120,
3122,
3113,
3121,
3120,
3120,
3121,
3123,
3127,
3123,
3121,
3127,
3124,
3125,
3125,
3168,
3122,
3129,
3122,
3122,
3125,
3129,
3131,
3129,
3123,
3123,
3123,
3123,
3125,
3130,
3121,
3131,
3124,
3123,
3125,
3129,
3125,
3129,
3124,
3126,
3120,
3121,
3129,
3127,
3124,
3129,
3126,
3123,
3127,
3131,
3131,
3131,
3127,
3129,
3129,
3125,
3131,
3127,
3127,
3135,
3131,
3134,
3133,
3135,
3129,
3130,
3130,
3136,
3125,
3134,
3133,
3131,
3131,
3130,
3130,
3135,
3134,
3135,
3136,
3136,
3147,
3146,
3152,
3154,
3152,
3154,
3156,
3150,
3152,
3153,
3185,
3144,
3136,
3136,
3143,
3139,
3136,
3131,
3131,
3125,
3132,
3127,
3127,
3123,
3120,
3121,
3126,
3120,
3122,
3122,
3120,
3121,
3120,
3121,
3123,
3121,
3122,
3124,
3126,
3122,
3131,
3126,
3125,
3126,
3126,
3125,
3123,
3127,
3120,
3129,
3127,
3131,
3130,
3122,
3127,
3127,
3120,
3124,
3129,
3122,
3127,
3127,
3131,
3120,
3132,
3123,
3126,
3126,
3131,
3129,
3130,
3132,
3127,
3133,
3127,
3121,
3122,
3127,
3129,
3131,
3137,
3130,
3121,
3132,
3127,
3135,
3120,
3122,
3128,
3133,
3127,
3127,
3132,
3135,
3133,
3136,
3133,
3136,
3132,
3128,
3127,
3133,
3135,
3130,
3136,
3132,
3139,
3143,
3177,
3150,
3153,
3151,
3152,
3158,
3152,
3155,
3152,
3145,
3149,
3143,
3140,
3137,
3136,
3135,
3134,
3129,
3130,
3126,
3123,
3125,
3120,
3120,
3121,
3119,
3121,
3122,
3120,
3120,
3180,
3122,
3121,
3120,
3121,
3126,
3126,
3133,
3131,
3130,
3127,
3126,
3127,
3134,
3130,
3133,
3126,
3126,
3133,
3121,
3120,
3125,
3127,
3127,
3131,
3127,
3125,
3130,
3126,
3127,
3121,
3125,
3124,
3122,
3125,
3126,
3122,
3125,
3134,
3131,
3130,
3127,
3118,
3123,
3130,
3128,
3120,
3127,
3131,
3130,
3130,
3123,
3130,
3134,
3134,
3123,
3126,
3133,
3125,
3135,
3119,
3130,
3127,
3134,
3126,
3132,
3129,
3136,
3135,
3129,
3132,
3135,
3142,
3146,
3152,
3154,
3153,
3152,
3151,
3155,
3151,
3153,
3152,
3146,
3147,
3143,
3138,
3136,
3136,
3136,
3135,
3134,
3127,
3130,
3130,
3121,
3125,
3123,
3128,
3120,
3122,
3120,
3119,
3120,
3121,
3121,
3122,
3121,
3122,
3120,
3122,
3127,
3126,
3131,
3127,
3130,
3123,
3126,
3127,
3133,
3130,
3125,
3122,
3126,
3126,
3070,
3130,
3130,
3123,
3133,
3126,
3130,
3123,
3126,
3127,
3123,
3124,
3126,
3122,
3125,
3127,
3123,
3124,
3129,
3129,
3123,
3121,
3123,
3121,
3131,
3133,
3120,
3127,
3129,
3129,
3127,
3131,
3126,
3130,
3132,
3133,
3130,
3132,
3133,
3136,
3131,
3129,
3135,
3129,
3126,
3131,
3131,
3130,
3126,
3134,
3135,
3126,
3142,
3141,
3146,
3152,
3152,
3152,
3152,
3155,
3153,
3156,
3150,
3150,
3136,
3140,
3145,
3139,
3138,
3137,
3132,
3136,
3125,
3130,
3132,
3122,
3125,
3125,
3120,
3120,
3125,
3119,
3121,
3120,
3122,
3120,
3120,
3121,
3120,
3120,
3122,
3126,
3130,
3123,
3131,
3124,
3123,
3127,
3120,
3131,
3125,
3133,
3127,
3130,
3125,
3133,
3127,
3121,
3125,
3124,
3126,
3122,
3124,
3130,
3123,
3123,
3126,
3123,
3123,
3120,
3127,
3123,
3125,
3120,
3120,
3126,
3131,
3133,
3123,
3127,
3121,
3131,
3125,
3126,
3122,
3130,
3126,
3133,
3133,
3130,
3134,
3125,
3132,
3129,
3131,
3126,
3125,
3152,
3135,
3127,
3122,
3127,
3131,
3133,
3136,
3134,
3142,
3141,
3149,
3155,
3152,
3152,
3154,
3149,
3152,
3151,
3147,
3147,
3142,
3141,
3135,
3136,
3130,
3135,
3132,
3130,
3133,
3120,
3126,
3125,
3125,
3122,
3122,
3136,
3120,
3120,
3123,
3115,
3120,
3121,
3122,
3120,
3123,
3131,
3127,
3127,
3130,
3133,
3133,
3120,
3130,
3121,
3124,
3126,
3126,
3123,
3131,
3125,
3120,
3126,
3127,
3127,
3122,
3120,
3126,
3123,
3123,
3126,
3120,
3120,
3122,
3127,
3126,
3124,
3125,
3122,
3121,
3122,
3126,
3128,
3122,
3125,
3124,
3127,
3127,
3127,
3133,
3125,
3126,
3126,
3130,
3127,
3129,
3127,
3133,
3135,
3131,
3134,
3136,
3143,
3142,
3147,
3152,
3150,
3152,
3155,
3148,
3152,
3142,
3151,
3147,
3143,
3138,
3141,
3139,
3136,
3133,
3134,
3129,
3130,
3124,
3136,
3125,
3127,
3127,
3120,
3120,
3122,
3122,
3120,
3122,
3120,
3120,
3125,
3121,
3121,
3125,
3125,
3127,
3126,
3135,
3131,
3129,
3127,
3127,
3130,
3133,
3134,
3134,
3127,
3126,
3131,
3127,
3124,
3125,
3126,
3126,
3127,
3122,
3130,
3122,
3131,
3126,
3131,
3123,
3121,
3122,
3127,
3129,
3123,
3126,
3121,
3127,
3131,
3130,
3129,
3127,
3124,
3130,
3126,
3135,
3123,
3130,
3127,
3135,
3131,
3131,
3139,
3123,
3129,
3136,
3136,
3136,
3137,
3141,
3154,
3152,
3152,
3149,
3152,
3152,
3142,
3150,
3146,
3142,
3138,
3132,
3132,
3131,
3136,
3132,
3127,
3131,
3133,
3134,
3130,
3123,
3121,
3124,
3122,
3123,
3121,
3127,
3120,
3122,
3118,
3121,
3120,
3121,
3158,
3124,
3127,
3121,
3123,
3127,
3129,
3122,
3134,
3129,
3130,
3129,
3125,
3123,
3123,
3126,
3125,
3129,
3130,
3123,
3123,
3125,
3126,
3124,
3128,
3127,
3126,
3127,
3125,
3133,
3126,
3122,
3123,
3130,
3126,
3124,
3131,
3126,
3122,
3131,
3131,
3129,
3127,
3132,
3127,
3133,
3133,
3127,
3127,
3130,
3126,
3131,
3154,
3130,
3130,
3129,
3130,
3132,
3133,
3133,
3136,
3143,
3147,
3152,
3150,
3152,
3153,
3151,
3180,
3152,
3150,
3145,
3140,
3144,
3139,
3137,
3141,
3133,
3133,
3127,
3131,
3131,
3135,
3125,
3129,
3132,
3127,
3123,
3120,
3120,
3120,
3120,
3120,
3124,
3121,
3123,
3120,
3121,
3127,
3127,
3125,
3126,
3125,
3126,
3127,
3131,
3131,
3127,
3130,
3133,
3123,
3124,
3130,
3127,
3128,
3126,
3124,
3122,
3125,
3126,
3127,
3123,
3123,
3126,
3120,
3125,
3120,
3123,
3126,
3125,
3121,
3127,
3131,
3125,
3129,
3123,
3125,
3127,
3128,
3132,
3129,
3130,
3126,
3129,
3129,
3131,
3130,
3133,
3129,
3131,
3135,
3131,
3129,
3136,
3130,
3136,
3133,
3139,
3143,
3150,
3151,
3152,
3150,
3153,
3152,
3155,
3150,
3155,
3145,
3146,
3142,
3137,
3135,
3133,
3138,
3136,
3129,
3129,
3127,
3120,
3127,
3126,
3130,
3122,
3121,
3122,
3123,
3120,
3125,
3119,
3120,
3122,
3120,
3126,
3123,
3129,
3125,
3122,
3131,
3131,
3109,
3136,
3130,
3127,
3127,
3135,
3123,
3130,
3128,
3130,
3126,
3133,
3133,
3122,
3125,
3088,
3121,
3123,
3122,
3123,
3158,
3127,
3126,
3122,
3122,
3122,
3121,
3122,
3125,
3131,
3134,
3125,
3130,
3130,
3127,
3135,
3133,
3125,
3134,
3129,
3132,
3127,
3130,
3131,
3134,
3135,
3127,
3130,
3135,
3136,
3136,
3141,
3143,
3149,
3152,
3152,
3155,
3152,
3154,
3152,
3153,
3151,
3149,
3147,
3141,
3141,
3143,
3136,
3137,
3135,
3123,
3126,
3127,
3123,
3127,
3125,
3126,
3152,
3123,
3121,
3120,
3120,
3120,
3120,
3120,
3123,
3122,
3120,
3126,
3127,
3130,
3126,
3129,
3127,
3127,
3125,
3126,
3130,
3136,
3127,
3123,
3121,
3127,
3126,
3120,
3127,
3129,
3127,
3123,
3127,
3127,
3135,
3130,
3120,
3126,
3131,
3129,
3125,
3130,
3126,
3123,
3125,
3130,
3130,
3127,
3127,
3126,
3130,
3087,
3135,
3131,
3123,
3130,
3133,
3123,
3130,
3129,
3132,
3131,
3131,
3134,
3131,
3136,
3135,
3133,
3151,
3139,
3152,
3152,
3155,
3156,
3156,
3159,
3147,
3158,
3149,
3148,
3145,
3142,
3141,
3135,
3136,
3127,
3130,
3126,
3125,
3126,
3127,
3125,
3124,
3125,
3124,
3121,
3124,
3123,
3120,
3121,
3120,
3120,
3123,
3123,
3125,
3123,
3134,
3131,
3126,
3127,
3130,
3127,
3134,
3131,
3129,
3126,
3126,
3130,
3133,
3130,
3122,
3117,
3123,
3120,
3125,
3125,
3119,
3122,
3127,
3125,
3127,
3124,
3122,
3129,
3129,
3120,
3124,
3125,
3126,
3127,
3126,
3133,
3129,
3122,
3126,
3125,
3126,
3125,
3127,
3133,
3129,
3134,
3129,
3126,
3127,
3131,
3126,
3170,
3130,
3127,
3133,
3131,
3132,
3129,
3131,
3137,
3137,
3143,
3152,
3152,
3151,
3152,
3160,
3152,
3157,
3152,
3152,
3150,
3151,
3143,
3136,
3135,
3137,
3136,
3134,
3133,
3126,
3123,
3122,
3120,
3122,
3126,
3120,
3121,
3125,
3123,
3122,
3120,
3115,
3118,
3121,
3125,
3122,
3120,
3125,
3126,
3122,
3125,
3121,
3130,
3121,
3122,
3123,
3130,
3127,
3130,
3126,
3129,
3124,
3125,
3122,
3125,
3122,
3069,
3113,
3122,
3123,
3123,
3121,
3124,
3120,
3130,
3125,
3120,
3125,
3126,
3125,
3130,
3124,
3130,
3127,
3127,
3125,
3131,
3123,
3123,
3129,
3130,
3128,
3125,
3121,
3136,
3127,
3133,
3133,
3127,
3127,
3131,
3130,
3136,
3131,
3128,
3151,
3132,
3135,
3136,
3130,
3134,
3129,
3125,
3125,
3139,
3144,
3140,
3150,
3152,
3154,
3154,
3158,
3153,
3153,
3151,
3155,
3152,
3152,
3147,
3142,
3140,
3142,
3137,
3134,
3131,
3162,
3126,
3115,
3127,
3122,
3123,
3125,
3121,
3121,
3120,
3121,
3120,
3120,
3117,
3125,
3120,
3123,
3120,
3120,
3123,
3123,
3125,
3120,
3120,
3131,
3131,
3123,
3130,
3125,
3131,
3130,
3123,
3123,
3121,
3127,
3124,
3121,
3121,
3130,
3126,
3123,
3122,
3121,
3120,
3122,
3120,
3125,
3125,
3123,
3125,
3123,
3124,
3125,
3123,
3125,
3131,
3126,
3125,
3131,
3125,
3131,
3131,
3126,
3126,
3126,
3126,
3131,
3131,
3134,
3131,
3124,
3126,
3184,
3130,
3136,
3124,
3133,
3131,
3129,
3174,
3131,
3131,
3133,
3135,
3133,
3125,
3130,
3127,
3131,
3136,
3139,
3146,
3145,
3149,
3152,
3153,
3155,
3158,
3153,
3158,
3184,
3152,
3147,
3147,
3145,
3137,
3140,
3133,
3136,
3133,
3131,
3131,
3122,
3125,
3121,
3127,
3120,
3121,
3127,
3120,
3125,
3120,
3120,
3120,
3120,
3124,
3120,
3120,
3117,
3122,
3151,
3125,
3127,
3125,
3122,
3125,
3127,
3129,
3130,
3127,
3130,
3126,
3125,
3130,
3120,
3129,
3123,
3125,
3129,
3122,
3163,
3130,
3123,
3125,
3127,
3120,
3127,
3123,
3123,
3123,
3122,
3125,
3127,
3126,
3126,
3127,
3120,
3126,
3130,
3126,
3127,
3123,
3131,
3121,
3125,
3134,
3134,
3120,
3131,
3126,
3131,
3135,
3136,
3131,
3122,
3122,
3130,
3123,
3125,
3125,
3124,
3130,
3133,
3130,
3133,
3137,
3136,
3146,
3153,
3152,
3157,
3159,
3152,
3152,
3152,
3147,
3152,
3152,
3152,
3144,
3136,
3141,
3130,
3131,
3136,
3129,
3124,
3123,
3123,
3122,
3120,
3121,
3127,
3125,
3121,
3122,
3120,
3123,
3125,
3120,
3123,
3121,
3125,
3123,
3124,
3125,
3127,
3130,
3125,
3123,
3125,
3126,
3129,
3127,
3130,
3127,
3127,
3127,
3123,
3125,
3122,
3120,
3131,
3122,
3125,
3123,
3120,
3120,
3130,
3127,
3126,
3123,
3122,
3126,
3130,
3122,
3121,
3121,
3131,
3127,
3125,
3130,
3126,
3126,
3127,
3131,
3123,
3125,
3123,
3135,
3135,
3130,
3132,
3131,
3132,
3127,
3130,
3127,
3131,
3131,
3133,
3124,
3129,
3129,
3132,
3134,
3114,
3136,
3137,
3147,
3149,
3152,
3152,
3168,
3152,
3159,
3158,
3152,
3152,
3147,
3147,
3149,
3138,
3136,
3131,
3136,
3130,
3126,
3126,
3122,
3129,
3123,
3123,
3120,
3122,
3120,
3121,
3120,
3118,
3120,
3120,
3121,
3122,
3088,
3125,
3127,
3123,
3127,
3127,
3131,
3136,
3130,
3129,
3134,
3130,
3130,
3133,
3125,
3122,
3127,
3127,
3133,
3122,
3132,
3127,
3120,
3120,
3129,
3122,
3125,
3123,
3125,
3129,
3127,
3127,
3124,
3129,
3126,
3124,
3122,
3130,
3130,
3127,
3127,
3123,
3126,
3123,
3125,
3130,
3127,
3122,
3126,
3127,
3129,
3126,
3127,
3131,
3124,
3133,
3131,
3131,
3135,
3131,
3131,
3135,
3136,
3139,
3149,
3147,
3152,
3155,
3157,
3158,
3153,
3154,
3155,
3157,
3152,
3147,
3146,
3139,
3147,
3135,
3133,
3133,
3125,
3126,
3130,
3122,
3121,
3125,
3120,
3126,
3118,
3120,
3120,
3118,
3120,
3121,
3121,
3123,
3125,
3126,
3122,
3132,
3131,
3123,
3134,
3128,
3127,
3147,
3129,
3123,
3129,
3159,
3126,
3125,
3123,
3126,
3125,
3127,
3124,
3123,
3127,
3125,
3122,
3120,
3123,
3122,
3123,
3125,
3124,
3124,
3120,
3122,
3125,
3123,
3125,
3126,
3120,
3131,
3130,
3124,
3134,
3130,
3127,
3126,
3131,
3135,
3130,
3136,
3128,
3133,
3128,
3127,
3127,
3130,
3126,
3131,
3129,
3136,
3143,
3139,
3150,
3152,
3147,
3155,
3153,
3155,
3157,
3161,
3153,
3153,
3152,
3147,
3141,
3133,
3139,
3133,
3132,
3133,
3131,
3125,
3125,
3123,
3122,
3121,
3120,
3120,
3126,
3111,
3122,
3122,
3120,
3120,
3120,
3136,
3121,
3127,
3123,
3129,
3131,
3123,
3121,
3126,
3125,
3129,
3125,
3125,
3131,
3127,
3126,
3127,
3127,
3129,
3125,
3122,
3129,
3126,
3120,
3124,
3125,
3124,
3123,
3125,
3125,
3122,
3121,
3121,
3123,
3123,
3123,
3126,
3126,
3134,
3121,
3125,
3126,
3126,
3131,
3124,
3123,
3129,
3126,
3131,
3134,
3131,
3127,
3133,
3123,
3124,
3127,
3127,
3128,
3123,
3129,
3153,
3127,
3131,
3133,
3130,
3130,
3137,
3129,
3139,
3139,
3149,
3156,
3153,
3158,
3161,
3158,
3213,
3159,
3155,
3155,
3147,
3152,
3143,
3139,
3136,
3136,
3131,
3131,
3130,
3131,
3127,
3129,
3130,
3125,
3124,
3120,
3122,
3122,
3122,
3120,
3121,
3120,
3120,
3120,
3124,
3124,
3120,
3126,
3121,
3123,
3129,
3126,
3126,
3126,
3125,
3136,
3121,
3123,
3127,
3123,
3123,
3118,
3121,
3124,
3121,
3126,
3127,
3126,
3128,
3130,
3120,
3120,
3122,
3133,
3120,
3090,
3122,
3124,
3123,
3177,
3122,
3125,
3130,
3120,
3130,
3127,
3123,
3127,
3122,
3123,
3129,
3126,
3125,
3126,
3131,
3125,
3134,
3135,
3125,
3131,
3129,
3130,
3117,
3135,
3127,
3134,
3127,
3130,
3135,
3129,
3129,
3132,
3130,
3135,
3130,
3133,
3136,
3136,
3146,
3143,
3152,
3164,
3152,
3163,
3161,
3157,
3164,
3157,
3152,
3151,
3146,
3146,
3149,
3141,
3141,
3137,
3131,
3125,
3130,
3125,
3127,
3125,
3122,
3120,
3120,
3124,
3119,
3110,
3119,
3121,
3117,
3117,
3117,
3117,
3115,
3118,
3120,
3121,
3124,
3125,
3121,
3127,
3127,
3126,
3127,
3132,
3127,
3133,
3131,
3133,
3133,
3127,
3128,
3123,
3122,
3126,
3120,
3123,
3121,
3126,
3122,
3127,
3120,
3120,
3121,
3117,
3120,
3120,
3120,
3120,
3123,
3118,
3121,
3120,
3120,
3119,
3118,
3120,
3124,
3122,
3120,
3126,
3123,
3121,
3120,
3125,
3122,
3125,
3062,
3122,
3126,
3124,
3130,
3126,
3129,
3125,
3127,
3134,
3126,
3133,
3129,
3127,
3134,
3129,
3134,
3133,
3135,
3148,
3125,
3151,
3160,
3155,
3162,
3162,
3165,
3162,
3162,
3153,
3155,
3155,
3154,
3152,
3149,
3136,
3142,
3130,
3132,
3133,
3134,
3125,
3129,
3125,
3127,
3122,
3120,
3126,
3120,
3123,
3121,
3121,
3124,
3122,
3120,
3123,
3124,
3125,
3126,
3123,
3127,
3135,
3124,
3129,
3131,
3127,
3123,
3129,
3126,
3126,
3121,
3126,
3127,
3122,
3131,
3126,
3126,
3120,
3123,
3119,
3127,
3124,
3123,
3124,
3125,
3124,
3125,
3123,
3127,
3123,
3129,
3123,
3123,
3125,
3126,
3122,
3124,
3129,
3123,
3127,
3131,
3129,
3130,
3123,
3126,
3136,
3125,
3125,
3134,
3123,
3130,
3127,
3131,
3126,
3125,
3132,
3127,
3123,
3132,
3136,
3136,
3145,
3148,
3152,
3154,
3155,
3155,
3157,
3152,
3152,
3152,
3152,
3147,
3138,
3143,
3138,
3137,
3133,
3133,
3124,
3126,
3126,
3124,
3121,
3122,
3121,
3120,
3117,
3118,
3120,
3115,
3117,
3120,
3120,
3120,
3114,
3120,
3120,
3119,
3125,
3123,
3121,
3123,
3054,
3131,
3127,
3125,
3129,
3130,
3123,
3125,
3121,
3124,
3125,
3120,
3121,
3124,
3125,
3123,
3120,
3120,
3120,
3126,
3120,
3123,
3123,
3126,
3122,
3126,
3127,
3125,
3120,
3124,
3123,
3121,
3126,
3125,
3124,
3122,
3120,
3127,
3123,
3125,
3131,
3132,
3125,
3129,
3125,
3127,
3122,
3125,
3126,
3123,
3127,
3130,
3129,
3126,
3130,
3131,
3136,
3141,
3141,
3152,
3138,
3156,
3157,
3152,
3161,
3163,
3152,
3152,
3148,
3145,
3142,
3170,
3136,
3135,
3131,
3125,
3134,
3127,
3124,
3121,
3131,
3126,
3122,
3123,
3122,
3120,
3121,
3119,
3120,
3120,
3120,
3119,
3120,
3120,
3120,
3121,
3122,
3120,
3127,
3123,
3129,
3126,
3123,
3125,
3125,
3123,
3124,
3129,
3127,
3127,
3124,
3130,
3124,
3122,
3122,
3123,
3123,
3125,
3116,
3121,
3120,
3123,
3122,
3125,
3124,
3121,
3121,
3121,
3125,
3123,
3126,
3129,
3122,
3123,
3122,
3125,
3130,
3125,
3124,
3127,
3120,
3129,
3133,
3129,
3128,
3127,
3130,
3127,
3126,
3125,
3134,
3126,
3126,
3120,
3125,
3131,
3133,
3133,
3136,
3140,
3146,
3152,
3152,
3155,
3156,
3161,
3161,
3158,
3154,
3153,
3150,
3150,
3148,
3143,
3138,
3137,
3136,
3134,
3135,
3127,
3130,
3121,
3124,
3124,
3120,
3120,
3120,
3117,
3119,
3120,
3119,
3119,
3118,
3120,
3120,
3118,
3124,
3121,
3120,
3125,
3122,
3120,
3157,
3128,
3127,
3123,
3130,
3127,
3120,
3136,
3126,
3123,
3120,
3125,
3121,
3121,
3120,
3121,
3120,
3123,
3117,
3122,
3180,
3124,
3125,
3119,
3121,
3127,
3133,
3120,
3117,
3120,
3126,
3123,
3121,
3121,
3126,
3120,
3121,
3125,
3130,
3123,
3123,
3121,
3127,
3119,
3127,
3120,
3132,
3130,
3125,
3127,
3127,
3125,
3127,
3126,
3131,
3129,
3120,
3132,
3125,
3127,
3126,
3126,
3132,
3131,
3136,
3139,
3113,
3142,
3151,
3150,
3157,
3153,
3153,
3157,
3152,
3150,
3152,
3147,
3147,
3145,
3142,
3137,
3136,
3133,
3129,
3127,
3121,
3123,
3125,
3117,
3120,
3121,
3120,
3121,
3120,
3115,
3120,
3110,
3120,
3119,
3115,
3120,
3120,
3093,
3125,
3121,
3125,
3127,
3124,
3133,
3130,
3127,
3131,
3129,
3125,
3129,
3125,
3120,
3127,
3121,
3127,
3129,
3123,
3127,
3120,
3126,
3123,
3120,
3121,
3122,
3125,
3120,
3121,
3121,
3126,
3126,
3113,
3122,
3123,
3125,
3122,
3125,
3129,
3122,
3127,
3127,
3126,
3132,
3130,
3127,
3126,
3121,
3121,
3132,
3124,
3125,
3129,
3126,
3126,
3125,
3129,
3132,
3126,
3133,
3126,
3125,
3127,
3124,
3129,
3124,
3131,
3131,
3130,
3133,
3136,
3136,
3148,
3145,
3151,
3159,
3159,
3157,
3153,
3152,
3152,
3152,
3140,
3146,
3145,
3136,
3138,
3132,
3129,
3122,
3128,
3122,
3118,
3125,
3120,
3121,
3120,
3120,
3121,
3119,
3115,
3119,
3115,
3118,
3116,
3119,
3110,
3119,
3123,
3127,
3125,
3127,
3124,
3126,
3129,
3126,
3121,
3123,
3129,
3131,
3130,
3130,
3136,
3055,
3127,
3093,
3127,
3121,
3120,
3120,
3121,
3121,
3120,
3127,
3126,
3121,
3123,
3120,
3122,
3121,
3120,
3122,
3125,
3127,
3127,
3124,
3121,
3121,
3179,
3125,
3120,
3127,
3123,
3125,
3134,
3125,
3126,
3124,
3122,
3131,
3130,
3130,
3130,
3125,
3123,
3129,
3126,
3129,
3123,
3129,
3131,
3129,
3131,
3135,
3141,
3143,
3145,
3150,
3152,
3158,
3154,
3159,
3103,
3154,
3147,
3147,
3145,
3139,
3139,
3136,
3136,
3129,
3127,
3125,
3126,
3121,
3121,
3122,
3115,
3119,
3119,
3120,
3120,
3120,
3118,
3120,
3117,
3120,
3121,
3120,
3120,
3122,
3123,
3122,
3126,
3124,
3131,
3133,
3127,
3131,
3131,
3127,
3131,
3124,
3120,
3124,
3131,
3126,
3122,
3126,
3125,
3123,
3125,
3121,
3122,
3125,
3120,
3122,
3125,
3122,
3120,
3123,
3125,
3121,
3120,
3123,
3126,
3123,
3124,
3122,
3122,
3123,
3135,
3122,
3123,
3123,
3127,
3127,
3131,
3125,
3123,
3126,
3127,
3123,
3129,
3131,
3132,
3134,
3126,
3127,
3129,
3132,
3124,
3056,
3131,
3125,
3134,
3128,
3133,
3137,
3143,
3155,
3152,
3152,
3152,
3154,
3153,
3159,
3156,
3152,
3151,
3149,
3146,
3147,
3136,
3137,
3137,
3129,
3130,
3123,
3121,
3122,
3123,
3120,
3121,
3116,
3118,
3117,
3118,
3117,
3119,
3120,
3121,
3121,
3118,
3121,
3120,
3118,
3125,
3120,
3121,
3126,
3125,
3127,
3131,
3131,
3136,
3125,
3136,
3130,
3123,
3127,
3126,
3126,
3125,
3120,
3169,
3126,
3125,
3120,
3125,
3122,
3122,
3120,
3125,
3123,
3120,
3121,
3123,
3120,
3121,
3123,
3123,
3121,
3120,
3123,
3123,
3120,
3123,
3123,
3123,
3120,
3125,
3123,
3126,
3128,
3123,
3123,
3131,
3129,
3127,
3129,
3126,
3130,
3127,
3126,
3125,
3130,
3130,
3127,
3129,
3130,
3134,
3136,
3152,
3145,
3150,
3152,
3152,
3154,
3153,
3154,
3152,
3155,
3149,
3147,
3151,
3139,
3143,
3135,
3142,
3133,
3130,
3125,
3123,
3127,
3120,
3121,
3120,
3121,
3120,
3119,
3118,
3114,
3117,
3117,
3118,
3120,
3117,
3120,
3119,
3124,
3120,
3120,
3120,
3124,
3124,
3123,
3127,
3134,
3121,
3122,
3121,
3123,
3127,
3127,
3126,
3125,
3126,
3121,
3120,
3122,
3121,
3120,
3119,
3120,
3120,
3120,
3120,
3121,
3120,
3120,
3120,
3121,
3120,
3122,
3122,
3130,
3121,
3125,
3125,
3124,
3120,
3122,
3120,
3132,
3127,
3127,
3130,
3123,
3126,
3120,
3124,
3127,
3127,
3123,
3126,
3127,
3127,
3125,
3130,
3131,
3125,
3125,
3133,
3125,
3125,
3125,
3125,
3129,
3133,
3136,
3136,
3152,
3151,
3147,
3151,
3158,
3162,
3152,
3154,
3155,
3153,
3153,
3151,
3145,
3149,
3138,
3136,
3137,
3136,
3131,
3126,
3130,
3126,
3122,
3125,
3120,
3119,
3119,
3119,
3120,
3119,
3102,
3114,
3113,
3117,
3118,
3120,
3115,
3121,
3071,
3125,
3123,
3126,
3123,
3122,
3125,
3126,
3111,
3128,
3125,
3124,
3122,
3123,
3123,
3116,
3122,
3120,
3120,
3120,
3175,
3120,
3122,
3123,
3121,
3122,
3120,
3122,
3119,
3121,
3120,
3120,
3123,
3127,
3124,
3121,
3126,
3122,
3123,
3130,
3121,
3123,
3127,
3126,
3131,
3125,
3130,
3126,
3125,
3126,
3126,
3129,
3129,
3125,
3120,
3123,
3125,
3129,
3128,
3122,
3124,
3129,
3121,
3127,
3130,
3132,
3136,
3137,
3141,
3147,
3151,
3155,
3152,
3153,
3159,
3154,
3157,
3155,
3152,
3146,
3148,
3139,
3137,
3137,
3129,
3131,
3127,
3127,
3120,
3121,
3123,
3121,
3118,
3120,
3120,
3119,
3120,
3119,
3118,
3119,
3121,
3120,
3120,
3123,
3120,
3123,
3122,
3123,
3123,
3126,
3126,
3126,
3126,
3120,
3128,
3129,
3125,
3123,
3125,
3120,
3125,
3120,
3120,
3125,
3120,
3120,
3125,
3120,
3120,
3126,
3121,
3121,
3121,
3120,
3130,
3122,
3123,
3123,
3124,
3120,
3122,
3122,
3127,
3121,
3126,
3120,
3125,
3130,
3118,
3120,
3126,
3125,
3126,
3134,
3133,
3129,
3129,
3125,
3127,
3123,
3127,
3125,
3126,
3123,
3124,
3123,
3123,
3130,
3136,
3125,
3135,
3137,
3145,
3149,
3152,
3154,
3218,
3156,
3154,
3156,
3158,
3152,
3147,
3148,
3150,
3142,
3136,
3136,
3131,

